1000
44 52 32
67 77 35
74 76 22
32 38 20
34 26 6
56 6 32
100 6 94
98 85 38
66 25 14
6 45 79
86 41 9
35 45 55
73 79 96
39 72 57
76 7 28
79 70 92
66 68 37
84 90 42
23 1 19
71 35 27
81 13 32
17 79 13
3 53 40
76 87 22
44 7 12
1 97 39
54 28 35
23 8 13
80 66 44
77 89 85
33 44 96
52 27 39
82 28 71
80 33 25
2 42 20
84 79 48
58 86 97
36 17 39
3 31 48
38 73 58
17 43 82
10 33 21
82 79 96
1 73 59
74 32 14
87 28 17
34 29 29
100 1 1
30 74 67
64 96 55
7 29 92
50 58 100
52 91 16
74 35 91
67 3 26
63 73 6
67 56 15
74 13 7
12 65 66
4 87 25
87 70 20
52 44 12
16 43 68
27 97 67
44 71 96
95 92 84
53 85 73
14 19 22
29 21 13
23 89 93
67 12 75
23 60 91
57 75 37
91 96 80
81 69 83
44 35 57
21 17 22
62 87 92
53 48 96
66 20 11
79 6 30
65 77 89
39 5 38
16 66 96
4 11 83
42 12 84
49 73 97
93 91 57
32 81 7
59 98 12
92 33 47
15 40 98
2 59 23
98 85 64
1 69 27
38 87 35
35 22 38
68 23 92
27 6 1
79 8 72
50 27 13
23 35 44
24 60 67
70 91 100
14 36 81
21 88 44
16 88 96
48 39 20
75 83 75
85 96 27
57 41 42
37 24 17
38 13 28
63 4 15
50 66 61
79 13 6
0 89 69
46 74 16
91 9 77
11 99 88
53 28 74
47 25 9
22 97 31
75 37 68
55 65 61
30 5 55
58 12 24
53 48 15
46 26 68
84 30 23
63 93 100
25 61 69
65 48 46
48 69 67
32 67 10
65 77 35
4 80 61
12 85 59
2 32 95
95 44 79
28 89 30
67 43 20
48 100 7
20 28 98
64 38 29
77 61 9
56 22 38
97 82 93
28 75 45
83 83 38
68 6 13
45 54 78
63 47 47
76 78 55
36 54 38
74 24 4
91 54 60
81 64 71
0 57 27
76 47 70
4 95 82
13 15 91
22 15 99
40 29 19
54 99 95
37 26 33
14 89 2
97 69 86
87 37 39
49 86 5
70 88 73
85 13 84
61 88 67
66 19 66
84 38 75
72 17 12
77 31 9
69 91 72
76 27 10
41 62 75
77 41 62
76 82 99
99 62 71
93 8 68
68 13 87
43 44 59
80 74 70
8 31 78
20 46 39
34 10 100
100 90 10
25 47 39
33 35 34
19 13 36
85 85 34
67 14 93
15 14 85
81 38 96
0 33 60
48 19 14
38 96 19
14 84 31
93 54 6
87 21 91
38 15 17
79 12 10
39 5 87
90 76 61
24 81 77
46 60 37
28 11 21
78 3 72
81 88 84
61 6 25
72 82 11
68 23 60
2 77 57
35 8 16
27 61 19
64 85 30
1 87 71
59 75 48
6 26 84
29 21 89
6 90 18
30 86 56
99 77 4
91 41 56
5 5 86
59 43 87
86 22 44
37 29 63
88 27 3
8 13 21
41 5 75
65 42 19
46 25 23
7 72 10
93 73 82
63 5 13
38 4 40
52 33 14
98 42 24
83 12 56
2 72 59
82 32 14
57 85 91
37 65 24
70 25 2
83 81 21
60 4 61
2 67 55
19 54 59
16 74 2
50 22 39
98 57 37
0 44 99
52 96 17
36 98 27
49 78 52
55 32 37
28 53 36
29 37 5
38 31 43
22 20 89
89 48 41
98 6 75
7 33 36
72 73 82
74 77 38
62 48 83
74 92 31
11 99 92
96 55 72
85 9 98
70 72 24
19 61 77
99 92 73
60 38 13
55 82 52
0 54 4
82 89 7
55 68 37
5 36 8
17 8 18
76 58 19
5 98 52
23 66 83
71 28 4
20 14 88
54 84 77
39 85 37
97 83 99
45 58 33
65 18 82
9 100 8
100 97 2
58 27 76
18 57 73
59 89 41
26 92 27
79 88 11
90 16 86
98 29 77
79 4 33
55 36 81
31 11 66
88 17 98
17 53 33
45 61 96
93 37 34
78 84 95
58 20 22
67 45 63
37 87 64
51 46 69
47 66 45
99 8 69
17 24 45
50 42 68
46 71 15
41 26 27
31 40 41
2 96 76
61 9 64
60 68 69
47 1 94
40 5 31
8 64 34
24 64 84
35 55 63
87 20 40
16 81 80
98 22 42
46 59 25
30 17 52
76 10 62
60 34 72
37 77 96
6 74 68
91 86 25
61 18 70
16 81 32
5 21 40
75 55 81
70 16 5
40 76 92
95 23 15
42 25 39
74 32 16
85 70 9
24 8 15
34 74 94
84 93 54
72 9 77
100 66 13
4 17 11
41 85 37
99 91 5
95 22 15
85 7 21
27 81 7
57 10 21
51 9 46
100 66 7
29 11 42
93 68 55
46 18 82
64 16 62
27 63 72
11 32 65
94 30 67
52 23 15
97 14 17
17 89 70
13 17 1
28 12 87
35 97 48
79 74 13
47 88 70
17 46 54
13 55 55
84 63 23
1 74 53
81 64 70
98 55 70
31 83 25
0 20 25
96 95 29
21 99 3
100 54 94
12 3 26
15 48 19
13 69 20
59 30 95
83 77 98
75 56 53
91 2 12
62 57 13
8 100 13
39 12 84
6 97 77
78 28 15
29 90 66
100 6 31
71 87 7
19 41 36
39 42 75
51 32 31
71 52 15
19 77 72
69 74 98
59 83 100
55 4 97
99 8 47
47 27 41
8 88 1
13 63 44
13 15 75
34 66 96
13 21 19
72 36 27
68 63 40
16 20 13
97 24 78
52 27 3
42 13 34
92 55 47
68 47 78
15 29 66
3 66 73
81 79 13
95 21 59
73 6 68
57 53 73
0 99 43
47 68 48
74 3 72
76 77 73
98 69 74
83 15 78
20 46 23
46 13 25
10 28 72
35 29 87
61 53 3
94 75 65
17 81 100
33 69 55
24 24 77
5 77 3
70 57 74
5 92 68
59 46 2
89 8 11
64 82 82
45 62 57
2 36 39
20 98 70
25 60 20
25 63 58
97 61 94
72 15 93
7 13 96
29 81 85
23 34 79
93 40 71
85 16 71
36 64 15
63 38 11
38 20 36
65 81 74
100 74 54
34 9 32
33 58 9
95 11 94
52 90 42
72 69 8
79 67 41
26 2 42
38 91 22
98 41 60
65 83 43
45 3 87
2 48 25
7 56 41
66 90 100
34 68 35
10 55 27
23 24 41
43 9 84
82 93 96
16 66 92
91 22 82
70 100 38
89 42 1
45 12 15
34 98 65
33 24 78
80 80 99
36 22 35
74 98 45
22 21 46
57 27 68
63 53 74
29 35 24
71 86 34
21 66 14
11 97 8
7 29 86
82 47 30
75 63 74
96 80 66
30 15 68
8 61 3
38 8 35
0 55 55
5 85 97
5 20 37
73 4 82
93 81 97
6 54 76
88 5 55
38 27 52
45 70 62
99 99 99
2 94 46
78 12 26
7 38 80
3 75 98
17 17 24
4 47 1
56 82 23
68 88 5
82 87 30
55 55 17
61 63 52
54 8 62
60 81 24
20 2 14
50 69 97
25 69 7
70 35 40
16 48 34
55 94 27
73 94 45
80 25 64
30 29 57
57 64 92
38 18 100
26 20 90
3 19 75
70 93 6
63 39 40
55 12 25
24 100 35
9 77 77
35 71 80
6 74 32
15 70 53
84 40 70
59 8 29
5 77 17
55 37 9
5 47 9
70 29 55
85 73 70
4 8 40
53 70 66
26 57 61
7 54 41
7 55 85
53 90 67
98 38 32
47 8 15
6 36 66
47 52 75
69 3 81
31 11 98
35 16 42
13 94 70
10 22 55
23 36 86
100 31 47
63 97 5
79 31 94
60 24 94
31 80 31
56 92 59
85 71 33
0 39 48
94 11 37
0 34 29
86 82 81
100 60 84
70 35 42
41 54 55
36 65 62
84 79 77
3 89 85
69 26 21
67 67 62
18 66 28
81 53 85
28 2 36
48 21 33
50 36 93
52 29 5
74 9 58
66 17 16
33 20 79
95 53 33
25 2 9
96 46 59
38 86 11
65 70 12
96 23 25
11 5 82
54 93 10
4 25 17
93 62 88
37 17 62
98 87 25
64 88 26
5 19 45
61 11 30
100 61 33
77 28 9
93 79 38
16 58 27
18 75 3
43 30 26
2 57 53
57 75 18
55 2 71
0 10 42
46 54 18
91 74 34
61 12 61
92 40 17
10 9 17
34 67 6
36 87 6
32 60 75
38 4 1
80 78 67
70 67 75
35 43 32
71 75 25
28 58 46
28 62 38
36 86 34
78 71 68
29 42 62
75 28 25
77 46 25
38 100 15
100 87 47
23 7 39
21 52 78
91 2 82
84 69 3
91 77 4
75 30 25
31 9 91
23 3 100
75 79 54
52 39 2
84 24 17
27 56 28
82 24 95
27 23 72
18 95 60
42 93 80
53 22 1
27 39 58
87 22 56
0 53 42
11 69 57
100 98 41
94 29 61
95 85 81
36 4 21
38 68 94
60 86 100
91 77 63
77 46 98
56 84 29
84 79 64
65 88 97
35 99 22
88 56 9
86 54 55
5 97 10
5 42 25
18 89 10
98 23 27
95 20 58
32 14 83
4 62 87
99 26 64
1 23 57
51 61 55
28 95 98
16 11 38
64 76 28
34 54 33
40 58 61
61 11 61
44 62 13
65 89 98
14 98 61
81 38 43
94 7 87
36 12 28
13 42 34
13 47 81
30 65 81
14 72 37
35 73 75
34 15 71
73 35 23
97 7 12
33 56 65
42 65 78
41 9 44
62 17 11
24 66 29
17 37 79
21 80 63
35 64 17
38 10 22
93 5 46
49 34 10
60 5 38
2 100 54
54 84 33
66 96 69
60 83 20
16 97 9
100 27 67
58 85 42
46 65 73
95 24 55
50 95 41
33 36 11
55 58 79
84 26 67
26 63 84
79 26 26
0 65 91
62 17 79
73 81 87
66 69 9
48 100 27
13 82 4
0 20 21
45 58 69
5 95 26
25 23 43
22 84 76
43 48 99
25 43 2
100 28 10
87 40 57
28 74 83
14 46 40
0 32 79
11 83 30
3 22 39
12 7 78
69 82 83
18 28 91
95 52 21
39 62 100
73 5 80
57 59 38
50 91 58
67 88 33
77 83 32
20 60 75
44 52 32
61 34 14
7 78 53
22 34 52
53 89 74
96 31 25
1 22 6
41 87 80
13 64 55
82 70 56
31 46 91
99 13 4
50 78 61
78 13 34
98 28 93
34 72 48
17 63 22
73 93 3
12 55 55
90 98 72
90 67 82
14 12 58
48 64 69
76 70 22
23 100 5
34 78 21
95 82 27
62 46 8
66 15 25
19 87 86
26 26 94
58 20 9
61 29 41
80 65 25
98 4 46
55 82 21
36 67 58
72 96 80
85 84 21
28 96 15
21 63 84
23 79 47
46 13 67
47 88 38
1 45 6
8 87 8
30 25 5
100 47 93
22 41 17
34 5 87
84 70 75
34 29 37
66 16 67
80 32 67
1 23 28
36 69 53
90 37 82
46 38 10
85 2 99
83 45 78
35 87 31
12 33 57
87 66 72
25 43 87
47 2 34
59 72 79
57 66 7
72 84 72
4 64 60
86 15 32
75 23 60
44 68 69
31 8 81
16 15 64
45 39 5
81 8 37
61 85 22
68 31 60
28 81 52
43 81 99
18 69 54
89 99 82
82 35 76
25 93 2
92 7 98
38 18 74
45 4 63
6 33 77
47 66 68
27 86 68
75 93 5
91 88 3
59 78 24
23 65 87
90 69 60
34 38 11
90 69 64
21 89 97
99 70 86
23 7 3
53 97 9
41 58 27
86 14 22
56 48 75
19 7 99
40 29 7
93 92 92
8 59 6
70 44 46
47 27 8
20 56 69
59 82 94
41 48 10
40 67 34
32 10 75
77 91 2
12 59 63
92 67 54
81 3 94
43 72 63
13 9 61
13 28 46
100 70 91
14 33 90
98 96 13
52 79 95
91 63 85
54 53 91
13 62 100
10 33 33
84 95 42
25 76 48
90 24 63
100 31 11
100 55 38
59 19 85
19 38 41
97 88 98
55 94 47
33 12 86
1 90 31
51 22 21
72 40 83
77 97 48
22 4 96
51 34 61
30 9 85
8 7 32
37 43 86
80 15 95
89 21 73
92 82 14
99 10 38
36 98 30
52 71 98
17 78 67
22 61 99
82 94 57
21 53 4
41 12 92
47 32 85
69 77 100
95 85 18
7 95 21
51 26 61
21 61 42
20 11 46
71 81 41
52 68 11
29 25 59
81 4 75
84 18 41
56 87 92
67 10 77
97 16 13
20 24 95
58 99 46
74 86 76
4 92 13
87 37 94
67 45 84
76 21 60
28 46 55
98 80 87
100 17 30
53 77 48
39 81 80
13 35 36
82 55 91
21 1 14
63 42 23
70 59 36
53 5 47
2 98 62
23 7 57
5 34 58
23 70 19
28 9 52
48 59 23
28 16 5
40 9 35
46 13 17
75 40 70
15 90 92
53 61 85
81 14 29
25 65 34
30 61 23
37 3 58
51 7 31
85 93 63
29 36 86
31 47 82
57 76 73
51 76 26
41 31 52
81 40 43
6 23 99
37 62 67
